<!-- Generated by pkgdown: do not edit by hand -->
<!DOCTYPE html>
<html lang="en">
  <head>
  <meta charset="utf-8">
<meta http-equiv="X-UA-Compatible" content="IE=edge">
<meta name="viewport" content="width=device-width, initial-scale=1.0">

<title>Compute distances between prototypes — protoDist • SOMbrero</title>

<!-- jquery -->
<script src="https://cdnjs.cloudflare.com/ajax/libs/jquery/3.3.1/jquery.min.js" integrity="sha256-FgpCb/KJQlLNfOu91ta32o/NMZxltwRo8QtmkMRdAu8=" crossorigin="anonymous"></script>
<!-- Bootstrap -->

<link rel="stylesheet" href="https://cdnjs.cloudflare.com/ajax/libs/twitter-bootstrap/3.3.7/css/bootstrap.min.css" integrity="sha256-916EbMg70RQy9LHiGkXzG8hSg9EdNy97GazNG/aiY1w=" crossorigin="anonymous" />
<script src="https://cdnjs.cloudflare.com/ajax/libs/twitter-bootstrap/3.3.7/js/bootstrap.min.js" integrity="sha256-U5ZEeKfGNOja007MMD3YBI0A3OSZOQbeG6z2f2Y0hu8=" crossorigin="anonymous"></script>

<!-- Font Awesome icons -->
<link rel="stylesheet" href="https://cdnjs.cloudflare.com/ajax/libs/font-awesome/4.7.0/css/font-awesome.min.css" integrity="sha256-eZrrJcwDc/3uDhsdt61sL2oOBY362qM3lon1gyExkL0=" crossorigin="anonymous" />

<!-- clipboard.js -->
<script src="https://cdnjs.cloudflare.com/ajax/libs/clipboard.js/2.0.4/clipboard.min.js" integrity="sha256-FiZwavyI2V6+EXO1U+xzLG3IKldpiTFf3153ea9zikQ=" crossorigin="anonymous"></script>

<!-- sticky kit -->
<script src="https://cdnjs.cloudflare.com/ajax/libs/sticky-kit/1.1.3/sticky-kit.min.js" integrity="sha256-c4Rlo1ZozqTPE2RLuvbusY3+SU1pQaJC0TjuhygMipw=" crossorigin="anonymous"></script>

<!-- pkgdown -->
<link href="../pkgdown.css" rel="stylesheet">
<script src="../pkgdown.js"></script>



<meta property="og:title" content="Compute distances between prototypes — protoDist" />

<meta property="og:description" content="Compute distances, either between all prototypes 
(mode=&quot;complete&quot;) or only between prototypes' neighbours 
(mode=&quot;neighbors&quot;)." />
<meta name="twitter:card" content="summary" />



<!-- mathjax -->
<script src="https://cdnjs.cloudflare.com/ajax/libs/mathjax/2.7.5/MathJax.js" integrity="sha256-nvJJv9wWKEm88qvoQl9ekL2J+k/RWIsaSScxxlsrv8k=" crossorigin="anonymous"></script>
<script src="https://cdnjs.cloudflare.com/ajax/libs/mathjax/2.7.5/config/TeX-AMS-MML_HTMLorMML.js" integrity="sha256-84DKXVJXs0/F8OTMzX4UR909+jtl4G7SPypPavF+GfA=" crossorigin="anonymous"></script>

<!--[if lt IE 9]>
<script src="https://oss.maxcdn.com/html5shiv/3.7.3/html5shiv.min.js"></script>
<script src="https://oss.maxcdn.com/respond/1.4.2/respond.min.js"></script>
<![endif]-->


  </head>

  <body>
    <div class="container template-reference-topic">
      <header>
      <div class="navbar navbar-default navbar-fixed-top" role="navigation">
  <div class="container">
    <div class="navbar-header">
      <button type="button" class="navbar-toggle collapsed" data-toggle="collapse" data-target="#navbar" aria-expanded="false">
        <span class="sr-only">Toggle navigation</span>
        <span class="icon-bar"></span>
        <span class="icon-bar"></span>
        <span class="icon-bar"></span>
      </button>
      <span class="navbar-brand">
        <a class="navbar-link" href="../index.html">SOMbrero</a>
        <span class="version label label-default" data-toggle="tooltip" data-placement="bottom" title="Released version">1.2.4</span>
      </span>
    </div>

    <div id="navbar" class="navbar-collapse collapse">
      <ul class="nav navbar-nav">
        <li>
  <a href="../index.html">
    <span class="fa fa-home fa-lg"></span>
     
  </a>
</li>
<li>
  <a href="../reference/index.html">Reference</a>
</li>
<li class="dropdown">
  <a href="#" class="dropdown-toggle" data-toggle="dropdown" role="button" aria-expanded="false">
    Articles
     
    <span class="caret"></span>
  </a>
  <ul class="dropdown-menu" role="menu">
    <li>
      <a href="../articles/a-doc-SOMbrero-package.html">SOMbrero Package description</a>
    </li>
    <li>
      <a href="../articles/b-doc-grids.html">A basic vignette on grids in SOMbrero</a>
    </li>
    <li>
      <a href="../articles/c-doc-numericSOM.html">Using Self-Organizing Maps with SOMbrero to cluster a numeric dataset</a>
    </li>
    <li>
      <a href="../articles/d-doc-korrespSOM.html">Self-Organizing Map for contingency tables</a>
    </li>
    <li>
      <a href="../articles/e-doc-relationalSOM.html">Self-Organizing Map for dissimilarity matrices</a>
    </li>
  </ul>
</li>
      </ul>
      
      <ul class="nav navbar-nav navbar-right">
        
      </ul>
      
    </div><!--/.nav-collapse -->
  </div><!--/.container -->
</div><!--/.navbar -->

      
      </header>

<div class="row">
  <div class="col-md-9 contents">
    <div class="page-header">
    <h1>Compute distances between prototypes</h1>
    
    <div class="hidden name"><code>protoDist.somRes.Rd</code></div>
    </div>

    <div class="ref-description">
    
    <p>Compute distances, either between all prototypes 
(<code>mode="complete"</code>) or only between prototypes' neighbours 
(<code>mode="neighbors")</code>.</p>
    
    </div>

    <pre class="usage"><span class='co'># S3 method for somRes</span>
<span class='fu'>protoDist</span>(<span class='no'>object</span>, <span class='kw'>mode</span><span class='kw'>=</span><span class='fu'><a href='https://www.rdocumentation.org/packages/base/topics/c'>c</a></span>(<span class='st'>"complete"</span>,<span class='st'>"neighbors"</span>), <span class='no'>...</span>)</pre>
    
    <h2 class="hasAnchor" id="arguments"><a class="anchor" href="#arguments"></a>Arguments</h2>
    <table class="ref-arguments">
    <colgroup><col class="name" /><col class="desc" /></colgroup>
    <tr>
      <th>object</th>
      <td><p>a <code>somRes</code> object.</p></td>
    </tr>
    <tr>
      <th>mode</th>
      <td><p>Specifies which distances should be computed.</p></td>
    </tr>
    <tr>
      <th>...</th>
      <td><p>Not used.</p></td>
    </tr>
    </table>
    
    <h2 class="hasAnchor" id="details"><a class="anchor" href="#details"></a>Details</h2>

    <p>When <code>mode="complete"</code>, distances between all prototypes are computed. 
When <code>mode="neighbors"</code>, distances are computed only between the 
prototypes and their neighbors. If the data were preprocessed during the SOM
training procedure, the distances are computed on the normalized values of the
prototypes.</p>
    
    <h2 class="hasAnchor" id="value"><a class="anchor" href="#value"></a>Value</h2>

    <p>When <code>mode="complete"</code>, the function returns a square matrix which 
dimensions are equal to the product of the grid dimensions.</p>
<p>When <code>mode="neighbors"</code>, the function returns a list which length is equal 
to the product of the grid dimensions; the length of each item is equal to the 
number of neighbors. Neurons are considered to have 8 neighbors at most 
(<em>i.e.</em>, two neurons are neighbors if they have a distance of type 
'maximum' which is equal to 1).</p>
    
    <h2 class="hasAnchor" id="see-also"><a class="anchor" href="#see-also"></a>See also</h2>

    <div class='dont-index'><p><code><a href='trainSOM.html'>trainSOM</a></code></p></div>
    

    <h2 class="hasAnchor" id="examples"><a class="anchor" href="#examples"></a>Examples</h2>
    <pre class="examples"><div class='input'><span class='fu'><a href='https://www.rdocumentation.org/packages/base/topics/Random'>set.seed</a></span>(<span class='fl'>2343</span>)
<span class='no'>my.som</span> <span class='kw'>&lt;-</span> <span class='fu'><a href='trainSOM.html'>trainSOM</a></span>(<span class='kw'>x.data</span><span class='kw'>=</span><span class='no'>iris</span>[,<span class='fl'>1</span>:<span class='fl'>4</span>], <span class='kw'>dimension</span><span class='kw'>=</span><span class='fu'><a href='https://www.rdocumentation.org/packages/base/topics/c'>c</a></span>(<span class='fl'>5</span>,<span class='fl'>5</span>))
<span class='fu'>protoDist</span>(<span class='no'>my.som</span>)</div><div class='output co'>#&gt;            1         2         3         4         5         6         7
#&gt; 1  0.0000000 0.4153914 0.7501372 0.9910827 1.1339710 0.4762939 0.0697045
#&gt; 2  0.4153914 0.0000000 0.3347533 0.5757144 0.7186563 0.8912676 0.4003482
#&gt; 3  0.7501372 0.3347533 0.0000000 0.2409746 0.3839940 1.2258708 0.7325264
#&gt; 4  0.9910827 0.5757144 0.2409746 0.0000000 0.1431262 1.4667063 0.9725654
#&gt; 5  1.1339710 0.7186563 0.3839940 0.1431262 0.0000000 1.6094271 1.1147812
#&gt; 6  0.4762939 0.8912676 1.2258708 1.4667063 1.6094271 0.0000000 0.4975065
#&gt; 7  0.0697045 0.4003482 0.7325264 0.9725654 1.1147812 0.4975065 0.0000000
#&gt; 8  0.4685045 0.1197270 0.3163142 0.5477014 0.6871815 0.9339559 0.4365580
#&gt; 9  0.7755702 0.3778043 0.1551069 0.2768914 0.4013983 1.2418792 0.7446475
#&gt; 10 0.9500087 0.5488347 0.2600959 0.1933986 0.2689920 1.4158657 0.9188542
#&gt; 11 1.0855087 1.5006379 1.8352388 2.0760548 2.2187379 0.6094186 1.1055983
#&gt; 12 0.5580196 0.9665308 1.2988762 1.5385417 1.6803898 0.1237082 0.5664829
#&gt; 13 0.2481909 0.4757039 0.7810246 1.0118296 1.1494993 0.5323894 0.1818911
#&gt; 14 0.5429496 0.3489695 0.4830211 0.6713901 0.7942539 0.9474151 0.4859885
#&gt; 15 0.7630428 0.4729018 0.4307810 0.5431798 0.6405897 1.1805560 0.7109824
#&gt; 16 1.6198356 2.0350829 2.3697261 2.6105717 2.7532895 1.1440421 1.6403368
#&gt; 17 1.1191433 1.5308558 1.8637863 2.1035914 2.2454621 0.6465939 1.1313242
#&gt; 18 0.6066502 0.9720382 1.2886473 1.5208227 1.6584865 0.3340139 0.5871279
#&gt; 19 0.5355419 0.6647764 0.9043195 1.1066602 1.2308801 0.7094871 0.4686404
#&gt; 20 0.7185440 0.6558247 0.7819527 0.9369336 1.0410094 1.0013910 0.6497947
#&gt; 21 1.9514235 2.3666982 2.7013506 2.9422059 3.0849409 1.4757835 1.9721472
#&gt; 22 1.5225570 1.9352799 2.2685419 2.5084839 2.6504232 1.0478102 1.5361383
#&gt; 23 1.0014787 1.3872149 1.7081327 1.9415144 2.0795616 0.5897082 0.9934187
#&gt; 24 0.7560457 1.0137385 1.2829400 1.4922112 1.6182093 0.6599905 0.7076087
#&gt; 25 0.8311632 0.9267899 1.1158351 1.2876682 1.3960172 0.9357072 0.7647407
#&gt;            8         9        10        11        12        13        14
#&gt; 1  0.4685045 0.7755702 0.9500087 1.0855087 0.5580196 0.2481909 0.5429496
#&gt; 2  0.1197270 0.3778043 0.5488347 1.5006379 0.9665308 0.4757039 0.3489695
#&gt; 3  0.3163142 0.1551069 0.2600959 1.8352388 1.2988762 0.7810246 0.4830211
#&gt; 4  0.5477014 0.2768914 0.1933986 2.0760548 1.5385417 1.0118296 0.6713901
#&gt; 5  0.6871815 0.4013983 0.2689920 2.2187379 1.6803898 1.1494993 0.7942539
#&gt; 6  0.9339559 1.2418792 1.4158657 0.6094186 0.1237082 0.5323894 0.9474151
#&gt; 7  0.4365580 0.7446475 0.9188542 1.1055983 0.5664829 0.1818911 0.4859885
#&gt; 8  0.0000000 0.3081702 0.4825549 1.5410538 0.9968816 0.4651961 0.2390345
#&gt; 9  0.3081702 0.0000000 0.1745244 1.8481957 1.3022086 0.7562767 0.3949321
#&gt; 10 0.4825549 0.1745244 0.0000000 2.0215172 1.4746130 0.9242080 0.5406423
#&gt; 11 1.5410538 1.8481957 2.0215172 0.0000000 0.5503412 1.1136304 1.5320864
#&gt; 12 0.9968816 1.3022086 1.4746130 0.5503412 0.0000000 0.5635108 0.9822899
#&gt; 13 0.4651961 0.7562767 0.9242080 1.1136304 0.5635108 0.0000000 0.4189417
#&gt; 14 0.2390345 0.3949321 0.5406423 1.5320864 0.9822899 0.4189417 0.0000000
#&gt; 15 0.3552280 0.2879787 0.3718907 1.7646498 1.2152160 0.6521594 0.2334166
#&gt; 16 2.0755685 2.3824402 2.5555103 0.5347813 1.0818502 1.6428769 2.0596980
#&gt; 17 1.5615624 1.8658536 2.0374358 0.1328793 0.5651623 1.1178992 1.5321830
#&gt; 18 0.9737492 1.2638216 1.4292019 0.6787723 0.2361702 0.5091695 0.9029725
#&gt; 19 0.6051559 0.8311415 0.9752314 1.2111526 0.6922269 0.2873587 0.4368762
#&gt; 20 0.5533010 0.6662851 0.7729465 1.5223266 0.9969319 0.5008301 0.3165364
#&gt; 21 2.4073244 2.7141020 2.8870746 0.8665997 1.4130205 1.9729935 2.3889581
#&gt; 22 1.9666906 2.2707653 2.4420942 0.4514726 0.9702594 1.5211287 1.9331664
#&gt; 23 1.3941736 1.6852473 1.8502024 0.4351376 0.4704443 0.9303860 1.3207863
#&gt; 24 0.9741682 1.2179360 1.3635852 0.9766058 0.5779279 0.5524468 0.8248469
#&gt; 25 0.8471347 1.0135567 1.1289499 1.3461383 0.8873986 0.5832554 0.6340063
#&gt;           15        16        17        18        19        20        21
#&gt; 1  0.7630428 1.6198356 1.1191433 0.6066502 0.5355419 0.7185440 1.9514235
#&gt; 2  0.4729018 2.0350829 1.5308558 0.9720382 0.6647764 0.6558247 2.3666982
#&gt; 3  0.4307810 2.3697261 1.8637863 1.2886473 0.9043195 0.7819527 2.7013506
#&gt; 4  0.5431798 2.6105717 2.1035914 1.5208227 1.1066602 0.9369336 2.9422059
#&gt; 5  0.6405897 2.7532895 2.2454621 1.6584865 1.2308801 1.0410094 3.0849409
#&gt; 6  1.1805560 1.1440421 0.6465939 0.3340139 0.7094871 1.0013910 1.4757835
#&gt; 7  0.7109824 1.6403368 1.1313242 0.5871279 0.4686404 0.6497947 1.9721472
#&gt; 8  0.3552280 2.0755685 1.5615624 0.9737492 0.6051559 0.5533010 2.4073244
#&gt; 9  0.2879787 2.3824402 1.8658536 1.2638216 0.8311415 0.6662851 2.7141020
#&gt; 10 0.3718907 2.5555103 2.0374358 1.4292019 0.9752314 0.7729465 2.8870746
#&gt; 11 1.7646498 0.5347813 0.1328793 0.6787723 1.2111526 1.5223266 0.8665997
#&gt; 12 1.2152160 1.0818502 0.5651623 0.2361702 0.6922269 0.9969319 1.4130205
#&gt; 13 0.6521594 1.6428769 1.1178992 0.5091695 0.2873587 0.5008301 1.9729935
#&gt; 14 0.2334166 2.0596980 1.5321830 0.9029725 0.4368762 0.3165364 2.3889581
#&gt; 15 0.0000000 2.2910484 1.7624055 1.1276446 0.6299660 0.4015029 2.6196930
#&gt; 16 2.2910484 0.0000000 0.5317366 1.1791411 1.7151687 2.0259667 0.3318251
#&gt; 17 1.7624055 0.5317366 0.0000000 0.6475990 1.1838980 1.4949896 0.8575581
#&gt; 18 1.1276446 1.1791411 0.6475990 0.0000000 0.5364375 0.8477736 1.5020818
#&gt; 19 0.6299660 1.7151687 1.1838980 0.5364375 0.0000000 0.3115072 2.0363714
#&gt; 20 0.4015029 2.0259667 1.4949896 0.8477736 0.3115072 0.0000000 2.3460059
#&gt; 21 2.6196930 0.3318251 0.8575581 1.5020818 2.0363714 2.3460059 0.0000000
#&gt; 22 2.1619408 0.1905093 0.4051727 1.0380735 1.5698392 1.8784945 0.4697213
#&gt; 23 1.5415232 0.8222216 0.3333724 0.4215450 0.9281774 1.2316999 1.1258177
#&gt; 24 1.0147385 1.4292064 0.9146274 0.3445777 0.3886223 0.6537837 1.7345857
#&gt; 25 0.7584910 1.8093125 1.2916634 0.6796670 0.2968216 0.3576632 2.1146418
#&gt;           22        23        24        25
#&gt; 1  1.5225570 1.0014787 0.7560457 0.8311632
#&gt; 2  1.9352799 1.3872149 1.0137385 0.9267899
#&gt; 3  2.2685419 1.7081327 1.2829400 1.1158351
#&gt; 4  2.5084839 1.9415144 1.4922112 1.2876682
#&gt; 5  2.6504232 2.0795616 1.6182093 1.3960172
#&gt; 6  1.0478102 0.5897082 0.6599905 0.9357072
#&gt; 7  1.5361383 0.9934187 0.7076087 0.7647407
#&gt; 8  1.9666906 1.3941736 0.9741682 0.8471347
#&gt; 9  2.2707653 1.6852473 1.2179360 1.0135567
#&gt; 10 2.4420942 1.8502024 1.3635852 1.1289499
#&gt; 11 0.4514726 0.4351376 0.9766058 1.3461383
#&gt; 12 0.9702594 0.4704443 0.5779279 0.8873986
#&gt; 13 1.5211287 0.9303860 0.5524468 0.5832554
#&gt; 14 1.9331664 1.3207863 0.8248469 0.6340063
#&gt; 15 2.1619408 1.5415232 1.0147385 0.7584910
#&gt; 16 0.1905093 0.8222216 1.4292064 1.8093125
#&gt; 17 0.4051727 0.3333724 0.9146274 1.2916634
#&gt; 18 1.0380735 0.4215450 0.3445777 0.6796670
#&gt; 19 1.5698392 0.9281774 0.3886223 0.2968216
#&gt; 20 1.8784945 1.2316999 0.6537837 0.3576632
#&gt; 21 0.4697213 1.1258177 1.7345857 2.1146418
#&gt; 22 0.0000000 0.6562125 1.2651242 1.6453118
#&gt; 23 0.6562125 0.0000000 0.6089785 0.9892655
#&gt; 24 1.2651242 0.6089785 0.0000000 0.3803503
#&gt; 25 1.6453118 0.9892655 0.3803503 0.0000000</div></pre>
  </div>
  <div class="col-md-3 hidden-xs hidden-sm" id="sidebar">
    <h2>Contents</h2>
    <ul class="nav nav-pills nav-stacked">
      <li><a href="#arguments">Arguments</a></li>
      
      <li><a href="#details">Details</a></li>

      <li><a href="#value">Value</a></li>

      <li><a href="#see-also">See also</a></li>
      
      <li><a href="#examples">Examples</a></li>
    </ul>

    <h2>Author</h2>
    <p>Madalina Olteanu <a href='mailto:madalina.olteanu@univ-paris1.fr'>madalina.olteanu@univ-paris1.fr</a><br />
Nathalie Vialaneix <a href='mailto:nathalie.vialaneix@inra.fr'>nathalie.vialaneix@inra.fr</a></p>
  </div>
</div>

      <footer>
      <div class="copyright">
  <p>Developed by Nathalie Vialaneix, Jerome Mariette, Madalina Olteanu, Fabrice Rossi.</p>
</div>

<div class="pkgdown">
  <p>Site built with <a href="https://pkgdown.r-lib.org/">pkgdown</a> 1.3.0.</p>
</div>
      </footer>
   </div>

  

  </body>
</html>

